name: asapp-ml
channels:
  - conda-forge
  - defaults
dependencies:
  - absl-py=0.2.2=py_0
  - astor=0.6.2=py_0
  - bleach=1.5.0=py36_0
  - gast=0.2.0=py_0
  - h5py=2.8.0=py36h470a237_0
  - hdf5=1.10.1=2
  - html5lib=0.9999999=py36_0
  - libprotobuf=3.5.2=0
  - markdown=2.6.11=py_0
  - protobuf=3.5.2=py36_0
  - pyyaml=3.12=py36_1
  - six=1.11.0=py36_1
  - tensorboard=1.8.0=py36_1
  - tensorflow=1.8.0=py36_1
  - termcolor=1.1.0=py36_1
  - webencodings=0.5.1=py36_0
  - werkzeug=0.14.1=py_0
  - yaml=0.1.7=0
  - ca-certificates=2018.03.07=0
  - certifi=2018.4.16=py36_0
  - grpcio=1.12.0=py36hd9629dc_0
  - intel-openmp=2018.0.0=8
  - keras=2.1.2=py36_0
  - libcxx=4.0.1=h579ed51_0
  - libcxxabi=4.0.1=hebd6815_0
  - libedit=3.1.20170329=hb402a30_2
  - libffi=3.2.1=h475c297_4
  - libgfortran=3.0.1=h93005f0_2
  - libopenblas=0.2.20=hdc02c5d_4
  - mkl=2018.0.2=1
  - ncurses=6.1=h0a44026_0
  - nltk=3.3.0=py36_0
  - numpy=1.14.3=py36he6379a5_1
  - numpy-base=1.14.3=py36h7ef55bc_1
  - openssl=1.0.2o=h26aff7b_0
  - pip=10.0.1=py36_0
  - python=3.6.3=h47c878a_7
  - readline=7.0=hc1231fa_4
  - scipy=1.1.0=py36hcaad992_0
  - setuptools=39.2.0=py36_0
  - sqlite=3.23.1=hf1716c9_0
  - tk=8.6.7=h35a86e2_3
  - tornado=5.0.2=py36_0
  - wheel=0.31.1=py36_0
  - xz=5.2.4=h1de35cc_4
  - zlib=1.2.11=hf3cbc9b_2
prefix: /Users/Ryan.Enderby@ibm.com/anaconda/envs/asapp-ml

